-177,759278774466
-255,123184170818
-314,485833732089
-364,530604949792
-408,620810117228
-448,481332134747
-485,136820587776
-519,254887028419
-551,299253861917
-581,607553360972
-610,434669917536
-637,978622911653
-664,396886474441
-689,817139831504
-714,344608835303
-738,067233476523
-761,059400005777
-783,384696810993
-805,097989153174
-826,24700786428
-846,87358432728
-867,014623480805
-886,702879729215
-905,967582463008
-924,834945352332
-943,32858476693
-961,469866388018
-979,278194523267
-996,771255292753
-1013,96522236885
-1030,87493209043
-1047,51403332124
-1063,89511641136
-1080,02982467606
-1095,92895122203
-1111,60252340571
-1127,05987680134
-1142,30972022845
-1157,36019312524
-1172,21891634099
-1186,89303724723
-1201,38926992561
-1215,71393107357
-1229,87297217282
-1243,87200838511
-1257,71634457347
-1271,41099879071
-1284,96072353022
-1298,37002499426
-1311,64318060107
-1324,78425492384
-1337,79711422968
-1350,68543976613
-1363,45273992464
-1376,10236139474
-1388,6374994096
-1401,06120717171
-1413,37640453756
-1425,58588603116
-1437,69232824898
-1449,69829671152
-1461,60625221156
-1473,41855670332
-1485,13747877261
-1496,76519872376
-1508,30381331566
-1519,75534017608
-1531,12172192055
-1542,40482999962
-1553,60646829609
-1564,72837649177
-1575,77223322156
-1586,7396590311
-1597,63221915263
-1608,45142611268
-1619,1987421837
-1629,87558169106
-1640,48331318563
-1651,02326149138
-1661,49670963672
-1671,90490067753
-1682,24903941921
-1692,53029404446
-1702,74979765317
-1712,90864971992
-1723,00791747466
-1733,04863721124
-1743,03181552853
-1752,95843050817
-1762,82943283304
-1772,64574684983
-1782,4082715793
-1792,1178816772
-1801,77542834886
-1811,38174022006
-1820,93762416681
-1830,44386610624
-1839,90123175104
-1849,31046732917
-1858,67230027106
-1867,98743986592
-1877,25657788888
-1886,4803892005
-1895,65953232023
-1904,79464997501
-1913,88636962447
-1922,93530396394
-1931,94205140619
-1940,90719654334
-1949,83131058959
-1958,71495180597
-1967,55866590784
-1976,36298645614
-1985,12843523296
-1993,85552260249
-2002,54474785771
-2011,19659955376
-2019,81155582848
-2028,39008471079
-2036,93264441732
-2045,43968363812
-2053,91164181157
-2062,34894938935
-2070,75202809157
-2079,1212911528
-2087,45714355917
-2095,75998227705
-2104,03019647366
-2112,2681677299
-2120,47427024578
-2128,64887103879
-2136,79233013543
-2144,90500075623
-2152,98722949451
-2161,03935648918
-2169,06171559178
-2177,05463452797
-2185,01843505379
-2192,95343310673
-2200,85993895204
-2208,73825732429
-2216,58868756435
-2224,41152375218
-2232,20705483533
-2239,97556475349
-2247,71733255916
-2255,4326325346
-2263,12173430523
-2270,78490294958
-2278,42239910592
-2286,03447907566
-2293,62139492378
-2301,18339457615
-2308,7207219141
-2316,23361686619
-2323,72231549734
-2331,18705009533
-2338,62804925493
-2346,04553795955
-2353,43973766058
-2360,81086635462
-2368,15913865838
-2375,48476588166
-2382,78795609818
-2390,06891421463
-2397,32784203766
-2404,56493833918
-2411,78039891992
-2418,97441667113
-2426,14718163485
-2433,29888106242
-2440,42969947157
-2447,53981870191
-2454,62941796908
-2461,69867391742
-2468,74776067136
-2475,77684988543
-2482,78611079306
-2489,77571025409
-2496,74581280114
-2503,6965806848
-2510,62817391768
-2517,54075031739
-2524,4344655485
-2531,30947316338
-2538,16592464218
-2545,0039694317
-2551,82375498345
-2558,62542679071
-2565,40912842477
-2572,1750015703
-2578,92318605983
-2585,65381990752
-2592,36703934207
-2599,06297883889
-2605,74177115152
-2612,40354734238
-2619,04843681274
-2625,67656733203
-2632,28806506658
-2638,88305460754
-2645,46165899837
-2652,02399976156
-2658,57019692485
-2665,10036904681
-2671,61463324196
-2678,11310520521
-2684,59589923585
-2691,06312826105
-2697,51490385874
-2703,95133628012
-2710,37253447164
-2716,7786060965
-2723,16965755569
-2729,54579400868
-2735,90711939353
-2742,2537364467
-2748,5857467224
-2754,90325061156
-2761,20634736039
-2767,49513508856
-2773,76971080704
-2780,03017043554
-2786,27660881966
-2792,5091197476
-2798,72779596663
-2804,93272919916
-2811,12401015857
-2817,30172856465
-2823,46597315875
-2829,61683171871
-2835,7543910734
-2841,87873711704
-2847,9899548232
-2854,0881282586
-2860,17334059655
-2866,24567413023
-2872,30521028565
-2878,35202963439
-2884,38621190612
-2890,40783600085
-2896,41698000093
-2902,41372118295
-2908,39813602926
-2914,37030023937
-2920,33028874114
-2926,27817570174
-2932,21403453838
-2938,13793792896
-2944,04995782239
-2949,95016544879
-2955,83863132955
-2961,7154252871
-2967,58061645462
-2973,43427328549
-2979,27646356267
-2985,10725440777
-2990,92671229013
-2996,73490303561
-3002,53189183531
-3008,31774325406
-3014,09252123887
-3019,85628912714
-3025,60910965476
-3031,3510449641
-3037,08215661182
-3042,80250557659
-3048,51215226664
-3054,21115652722
-3059,8995776479
-3065,57747436979
-3071,24490489259
-3076,90192688157
-3082,54859747441
-3088,18497328794
-3093,81111042475
-3099,4270644797
-3105,03289054636
-3110,62864322329
-3116,21437662024
-3121,79014436427
-3127,35599960577
-3132,91199502432
-3138,45818283458
-3143,99461479194
-3149,52134219821
-3155,03841590715
-3160,54588632991
-3166,04380344044
-3171,53221678073
-3177,01117546608
-3182,48072819019
-3187,94092323021
-3193,39180845172
-3198,83343131362
-3204,26583887296
-3209,68907778968
-3215,10319433129
-3220,50823437746
-3225,9042434246
-3231,29126659026
-3236,66934861759
-3242,03853387966
-3247,39886638369
-3252,75038977535
-3258,0931473428
-3263,42718202085
-3268,75253639495
-3274,06925270519
-3279,37737285014
-3284,67693839081
-3289,96799055433
-3295,25057023778
-3300,52471801184
-3305,79047412442
-3311,04787850426
-3316,29697076445
-3321,53779020594
-3326,77037582093
-3331,99476629628
-3337,21100001685
-3342,41911506878
-3347,61914924274
-3352,81114003712
-3357,9951246612
-3363,17114003826
-3368,33922280863
-3373,49940933272
-3378,65173569404
-3383,79623770209
-3388,93295089531
-3394,06191054391
-3399,18315165271
-3404,29670896393
-3409,40261695995
-3414,50090986599
-3419,59162165282
-3424,67478603938
-3429,75043649538
-3434,81860624392
-3439,87932826396
-3444,93263529286
-3449,97855982886
-3455,01713413348
-3460,04839023398
-3465,07235992569
-3470,08907477435
-3475,09856611849
-3480,10086507162
-3485,09600252457
-3490,08400914765
-3495,0649153929
-3500,03875149621
-3505,0055474795
-3509,96533315282
-3514,91813811643
-3519,86399176287
-3524,802923279
-3529,734961648
-3534,66013565134
-3539,57847387079
-3544,49000469028
-3549,3947562979
-3554,2927566877
-3559,18403366161
-3564,06861483128
-3568,94652761985
-3573,81779926381
-3578,68245681473
-3583,54052714104
-3588,39203692973
-3593,2370126881
-3598,07548074541
-3602,90746725457
-3607,73299819381
-3612,55209936826
-3617,36479641159
-3622,17111478761
-3626,97107979182
-3631,76471655299
-3636,55205003464
-3641,33310503664
-3646,10790619662
-3650,87647799153
-3655,63884473905
-3660,39503059904
-3665,14505957503
-3669,88895551554
-3674,62674211556
-3679,35844291786
-3684,08408131444
-3688,80368054779
-3693,51726371227
-3698,22485375544
-3702,92647347933
-3707,62214554174
-3712,31189245754
-3716,99573659989
-3721,67370020151
-3726,34580535589
-3731,01207401854
-3735,67252800817
-3740,32718900788
-3744,97607856635
-3749,61921809898
-3754,25662888908
-3758,88833208898
-3763,51434872114
-3768,13469967931
-3772,7494057296
-3777,35848751156
-3781,96196553928
-3786,55986020245
-3791,15219176742
-3795,7389803782
-3800,32024605755
-3804,89600870797
-3809,46628811271
-3814,03110393675
-3818,59047572784
-3823,14442291743
-3827,69296482163
-3832,23612064221
-3836,77390946751
-3841,3063502734
-3845,83346192417
-3850,35526317349
-3854,87177266528
-3859,38300893464
-3863,88899040869
-3868,3897354075
-3872,88526214494
-3877,37558872952
-3881,86073316527
-3886,34071335256
-3890,81554708894
-3895,28525207
-3899,7498458901
-3904,20934604329
-3908,66376992401
-3913,11313482793
-3917,55745795276
-3921,99675639895
-3926,43104717053
-3930,86034717582
-3935,28467322821
-3939,70404204691
-3944,11847025766
-3948,52797439347
-3952,93257089536
-3957,33227611305
-3961,72710630569
-3966,11707764254
-3970,50220620369
-3974,88250798071
-3979,25799887737
-3983,62869471028
-3987,9946112096
-3992,35576401964
-3996,71216869957
-4001,06384072404
-4005,41079548383
-4009,75304828646
-4014,09061435687
-4018,423508838
-4022,75174679142
-4027,07534319793
-4031,39431295819
-4035,70867089331
-4040,01843174542
-4044,32361017829
-4048,6242207779
-4052,92027805299
-4057,21179643568
-4061,49879028201
-4065,7812738725
-4070,05926141269
-4074,33276703372
-4078,60180479286
-4082,86638867406
-4087,12653258778
-4091,38225035154
-4095,63355575456
-4099,88046249276
-4104,12298419134
-4108,36113440532
-4112,59492662001
-4116,82437425155
-4121,04949064736
-4125,27028908669
-4129,48678278103
-4133,69898487467
-4137,90690844514
-4142,11056650367
-4146,30997199568
-4150,50513780126
-4154,69607673561
-4158,88280154947
-4163,06532492964
-4167,24365949936
-4171,41781781881
-4175,58781238551
-4179,75365563478
-4183,91535994015
-4188,07293761384
-4192,2264009071
-4196,37576201071
-4200,52103305537
-4204,66222611209
-4208,79935319264
-4212,93242624993
-4217,06145717842
-4221,18645781452
-4225,30743993699
-4229,42441526732
-4233,53739547013
-4237,64639215356
-4241,75141686964
-4245,85248111466
-4249,94959632959
-4254,04277390039
-4258,13202515843
-4262,21736138084
-4266,29879379084
-4270,37633355818
-4274,44999179939
-4278,51977957823
-4282,58570790599
-4286,64778774183
-4290,70602999317
-4294,76044551599
-4298,81104511519
-4302,85783954489
-4306,90083950884
-4310,94005566067
-4314,97549860425
-4319,00717889403
-4323,03510703533
-4327,05929348469
-4331,07974865017
-4335,09648289166
-4339,10950652121
-4343,1188298033
-4347,12446295521
-4351,12641614727
-4355,12469950316
-4359,11932310027
-4363,11029696991
-4367,09763109767
-4371,0813354237
-4375,06141984295
-4379,03789420554
-4383,01076831696
-4386,98005193842
-4390,94575478708
-4394,90788653637
-4398,86645681623
-4402,82147521338
-4406,77295127165
-4410,72089449218
-4414,6653143337
-4418,60622021284
-4422,54362150434
-4426,47752754134
-4430,4079476156
-4434,33489097783
-4438,25836683786
-4442,17838436494
-4446,094952688
-4450,00808089584
-4453,91777803746
-4457,82405312221
-4461,72691512013
-4465,62637296209
-4469,52243554013
-4473,4151117076
-4477,30441027947
-4481,19034003252
-4485,0729097056
-4488,95212799982
-4492,82800357882
-4496,70054506897
-4500,56976105961
-4504,43566010324
-4508,29825071579
-4512,1575413768
-4516,01354052965
-4519,86625658178
-4523,71569790489
-4527,56187283518
-4531,40478967351
-4535,24445668568
-4539,08088210257
-4542,91407412039
-4546,74404090085
-4550,57079057141
-4554,39433122543
-4558,21467092239
-4562,03181768812
-4565,84577951492
-4569,65656436185
-4573,46418015485
-4577,26863478695
-4581,06993611851
-4584,86809197732
-4588,66311015887
-4592,45499842648
-4596,24376451154
-4600,02941611364
-4603,81196090077
-4607,59140650952
-4611,36776054525
-4615,14103058225
-4618,91122416395
-4622,67834880306
-4626,44241198177
-4630,20342115193
-4633,96138373518
-4637,71630712318
-4641,46819867773
-4645,21706573095
-4648,96291558548
-4652,7057555146
-4656,44559276243
-4660,18243454405
-4663,91628804573
-4667,64716042503
-4671,37505881097
-4675,09999030424
-4678,82196197728
-4682,54098087451
-4686,25705401241
-4689,97018837975
-4693,68039093771
-4697,38766862
-4701,09202833307
-4704,79347695623
-4708,4920213418
-4712,18766831524
-4715,88042467534
-4719,57029719434
-4723,25729261808
-4726,94141766612
-4730,62267903192
-4734,30108338297
-4737,97663736093
-4741,64934758174
-4745,31922063582
-4748,98626308815
-4752,65048147845
-4756,31188232127
-4759,97047210618
-4763,62625729787
-4767,27924433627
-4770,92943963672
-4774,57684959008
-4778,22148056287
-4781,86333889737
-4785,50243091181
-4789,13876290043
-4792,77234113364
-4796,40317185815
-4800,0312612971
-4803,65661565014
-4807,27924109363
-4810,89914378069
-4814,51632984135
-4818,13080538269
-4821,74257648893
-4825,35164922157
-4828,95802961949
-4832,56172369908
-4836,16273745438
-4839,76107685714
-4843,35674785698
-4846,9497563815
-4850,54010833637
-4854,12780960549
-4857,71286605103
-4861,29528351362
-4864,87506781241
-4868,45222474518
-4872,02676008851
-4875,59867959779
-4879,16798900742
-4882,73469403086
-4886,29880036077
-4889,86031366908
-4893,41923960715
-4896,9755838058
-4900,5293518755
-4904,08054940639
-4907,62918196846
-4911,17525511157
-4914,71877436563
-4918,25974524065
-4921,79817322685
-4925,33406379479
-4928,86742239542
-4932,39825446021
-4935,92656540123
-4939,45236061126
-4942,97564546389
-4946,4964253136
-4950,01470549586
-4953,53049132724
-4957,04378810547
-4960,55460110957
-4964,06293559992
-4967,56879681835
-4971,07218998826
-4974,57312031466
-4978,07159298432
-4981,56761316582
-4985,06118600963
-4988,55231664825
-4992,04101019624
-4995,52727175035
-4999,01110638958
-5002,49251917528
-5005,97151515122
-5009,44809934371
-5012,92227676165
-5016,39405239661
-5019,86343122296
-5023,33041819791
-5026,7950182616
-5030,25723633719
-5033,71707733094
-5037,17454613229
-5040,62964761395
-5044,08238663196
-5047,53276802579
-5050,9807966184
-5054,42647721632
-5057,86981460977
-5061,31081357268
-5064,74947886279
-5068,18581522173
-5071,61982737512
-5075,05152003257
-5078,48089788786
-5081,90796561893
-5085,33272788798
-5088,75518934158
-5092,17535461068
-5095,59322831073
-5099,00881504174
-5102,42211938835
-5105,8331459199
-5109,2418991905
-5112,64838373912
-5116,05260408963
-5119,4545647509
-5122,85427021683
-5126,25172496646
-5129,64693346404
-5133,03990015906
-5136,43062948634
-5139,8191258661
-5143,20539370403
-5146,58943739135
-5149,97126130488
-5153,35086980709
-5156,72826724619
-5160,1034579562
-5163,47644625697
-5166,84723645429
-5170,21583283993
-5173,58223969174
-5176,94646127364
-5180,30850183577
-5183,66836561448
-5187,02605683244
-5190,38157969869
-5193,73493840869
-5197,08613714437
-5200,43518007424
-5203,78207135341
-5207,12681512364
-5210,46941551345
-5213,80987663811
-5217,14820259979
-5220,48439748752
-5223,81846537731
-5227,15041033221
-5230,48023640232
-5233,8079476249
-5237,13354802441
-5240,45704161255
-5243,77843238833
-5247,09772433812
-5250,41492143572
-5253,73002764241
-5257,04304690699
-5260,35398316585
-5263,66284034303
-5266,96962235024
-5270,27433308697
-5273,5769764405
-5276,87755628596
-5280,1760764864
-5283,47254089281
-5286,76695334422
-5290,05931766772
-5293,34963767852
-5296,63791717998
-5299,9241599637
-5303,20836980955
-5306,49055048572
-5309,77070574878
-5313,04883934371
-5316,32495500397
-5319,59905645156
-5322,87114739702
-5326,14123153953
-5329,40931256695
-5332,67539415584
-5335,93947997153
-5339,20157366817
-5342,46167888877
-5345,71979926526
-5348,97593841852
-5352,23009995842
-5355,4822874839
-5358,732504583
-5361,98075483289
-5365,22704179993
-5368,47136903973
-5371,71374009716
-5374,95415850643
-5378,19262779113
-5381,42915146424
-5384,66373302821
-5387,89637597501
-5391,12708378614
-5394,35585993269
-5397,5827078754
-5400,80763106468
-5404,03063294067
-5407,25171693325
-5410,47088646214
-5413,68814493689
-5416,90349575695
-5420,11694231169
-5423,32848798048
-5426,53813613267
-5429,7458901277
-5432,95175331511
-5436,15572903455
-5439,35782061587
-5442,55803137915
-5445,75636463471
-5448,95282368318
-5452,14741181554
-5455,34013231314
-5458,53098844774
-5461,71998348158
-5464,90712066738
-5468,09240324841
-5471,2758344585
-5474,4574175221
-5477,63715565432
-5480,81505206094
-5483,99110993849
-5487,16533247424
-5490,33772284627
-5493,50828422351
-5496,67701976576
-5499,84393262371
-5503,00902593904
-5506,17230284439
-5509,33376646341
-5512,49341991083
-5515,65126629247
-5518,80730870526
-5521,96155023733
-5525,11399396797
-5528,26464296772
-5531,4135002984
-5534,56056901313
-5537,70585215635
-5540,8493527639
-5543,99107386301
-5547,13101847235
-5550,26918960208
-5553,40559025386
-5556,54022342088
-5559,67309208793
-5562,80419923138
-5565,93354781928
-5569,06114081131
-5572,1869811589
-5575,31107180518
-5578,43341568509
-5581,55401572534
-5584,67287484449
-5587,78999595299
-5590,90538195315
-5594,01903573923
-5597,13096019746
-5600,24115820606
-5603,34963263527
-5606,45638634739
-5609,56142219679
-5612,66474302999
-5615,76635168562
-5618,86625099452
-5621,96444377972
-5625,0609328565
-5628,15572103239
-5631,24881110724
-5634,3402058732
-5637,4299081148
-5640,51792060895
-5643,60424612497
-5646,68888742463
-5649,77184726216
-5652,85312838431
-5655,93273353034
-5659,01066543209
-5662,08692681397
-5665,16152039301
-5668,23444887888
-5671,30571497392
-5674,37532137319
-5677,44327076444
-5680,50956582819
-5683,57420923776
-5686,63720365924
-5689,69855175159
-5692,7582561666
-5695,81631954898
-5698,87274453633
-5701,92753375921
-5704,98068984114
-5708,03221539864
-5711,08211304123
-5714,1303853715
-5717,17703498512
-5720,22206447082
-5723,2654764105
-5726,30727337917
-5729,34745794505
-5732,38603266953
-5735,42300010725
-5738,45836280608
-5741,49212330718
-5744,524284145
-5747,55484784733
-5750,5838169353
-5753,61119392341
-5756,63698131956
-5759,66118162508
-5762,68379733475
-5765,7048309368
-5768,72428491298
-5771,74216173854
-5774,75846388228
-5777,77319380657
-5780,78635396736
-5783,79794681614
-5786,8079748244
-5789,81644039877
-5792,82334596978
-5795,82869396168
-5798,83248679245
-5801,83472687381
-5804,83541661127
-5807,83455840412
-5810,83215464547
-5813,82820772228
-5816,82272001536
-5819,81569389941
-5822,80713174304
-5825,79703590877
-5828,78540875311
-5831,7722526265
-5834,75756987339
-5837,74136283224
-5840,72363383556
-5843,7043852099
-5846,6836192759
-5849,66133834829
-5852,63754473593
-5855,61224074182
-5858,58542866311
-5861,55711079116
-5864,52728941149
-5867,49596680389
-5870,46314524237
-5873,42882699521
-5876,39301432496
-5879,35570948851
-5882,31691473705
-5885,27663231611
-5888,23486446561
-5891,19161341982
-5894,14688140745
-5897,10067065161
-5900,05298336986
-5903,00382177424
-5905,95318807124
-5908,90108446187
-5911,84751314167
-5914,7924763007
-5917,73597612359
-5920,67801478955
-5923,61859447238
-5926,5577173405
-5929,49538555696
-5932,43160127946
-5935,36636666037
-5938,29968384678
-5941,23155498043
-5944,16198219784
-5947,09096763025
-5950,01851340366
-5952,94462163885
-5955,86929445142
-5958,79253395175
-5961,71434224508
-5964,6347214315
-5967,55367360596
-5970,4712008583
-5973,38730527327
-5976,30198893052
-5979,21525390467
-5982,12710226527
-5985,03753607686
-5987,94655739896
-5990,8541682861
-5993,76037078784
-5996,66516694878
-5999,56855880856
-6002,47054840192
-6005,37113775868
-6008,27032890375
-6011,16812385721
-6014,06452463422
-6016,95953324516
-6019,85315169553
-6022,74538198605
-6025,63622611263
-6028,52568606642
-6031,41376383379
-6034,30046139637
-6037,18578073106
-6040,06972381005
-6042,95229260082
-6045,83348906617
-6048,71331516424
-6051,5917728485
-6054,46886406782
-6057,3445907664
-6060,21895488387
-6063,09195835526
-6065,96360311101
-6068,83389107701
-6071,70282417462
-6074,57040432065
-6077,4366334274
-6080,30151340266
-6083,16504614976
-6086,02723356752
-6088,88807755035
-6091,74757998817
-6094,60574276652
-6097,46256776649
-6100,31805686479
-6103,17221193375
-6106,02503484132
-6108,87652745108
-6111,72669162231
-6114,57552920993
-6117,42304206456
-6120,26923203252
-6123,11410095584
-6125,95765067228
-6128,79988301535
-6131,64079981431
-6134,48040289419
-6137,31869407582
-6140,15567517581
-6142,99134800657
-6145,82571437637
-6148,65877608929
-6151,49053494528
-6154,32099274014
-6157,15015126555
-6159,9780123091
-6162,80457765425
-6165,62984908042
-6168,45382836293
-6171,27651727305
-6174,09791757801
-6176,91803104103
-6179,73685942126
-6182,55440447391
-6185,37066795015
-6188,18565159719
-6190,99935715827
-6193,81178637268
-6196,62294097577
-6199,43282269895
-6202,24143326973
-6205,04877441169
-6207,85484784456
-6210,65965528414
-6213,46319844241
-6216,26547902747
-6219,06649874357
-6221,86625929115
-6224,66476236682
-6227,46200966338
-6230,25800286986
-6233,05274367146
-6235,84623374966
-6238,63847478215
-6241,42946844288
-6244,21921640206
-6247,00772032619
-6249,79498187805
-6252,5810027167
-6255,36578449755
-6258,1493288723
-6260,93163748899
-6263,71271199202
-6266,49255402213
-6269,27116521643
-6272,04854720842
-6274,82470162798
-6277,59963010138
-6280,37333425133
-6283,14581569695
-6285,91707605378
-6288,68711693384
-6291,45593994556
-6294,22354669388
-6296,9899387802
-6299,7551178024
-6302,51908535488
-6305,28184302853
-6308,04339241078
-6310,80373508557
-6313,56287263341
-6316,32080663134
-6319,07753865297
-6321,83307026849
-6324,58740304467
-6327,34053854486
-6330,09247832904
-6332,8432239538
-6335,59277697235
-6338,34113893452
-6341,08831138682
-6343,83429587238
-6346,57909393104
-6349,32270709927
-6352,06513691025
-6354,80638489387
-6357,54645257669
-6360,28534148202
-6363,02305312988
-6365,75958903703
-6368,49495071697
-6371,22913967996
-6373,96215743304
-6376,69400547999
-6379,42468532142
-6382,15419845468
-6384,88254637398
-6387,60973057031
-6390,33575253148
-6393,06061374215
-6395,78431568382
-6398,50685983482
-6401,22824767038
-6403,94848066255
-6406,6675602803
-6409,38548798948
-6412,10226525281
-6414,81789352996
-6417,53237427749
-6420,24570894887
-6422,95789899455
-6425,66894586188
-6428,37885099519
-6431,08761583576
-6433,79524182183
-6436,50173038864
-6439,2070829684
-6441,91130099032
-6444,61438588064
-6447,31633906258
-6450,01716195641
-6452,7168559794
-6455,41542254589
-6458,11286306726
-6460,80917895196
-6463,50437160547
-6466,19844243038
-6468,89139282635
-6471,58322419013
-6474,27393791559
-6476,96353539367
-6479,65201801247
-6482,33938715718
-6485,02564421015
-6487,71079055086
-6490,39482755594
-6493,07775659917
-6495,75957905153
-6498,44029628114
-6501,11990965331
-6503,79842053056
-6506,47583027259
-6509,15214023631
-6511,82735177585
-6514,50146624257
-6517,17448498505
-6519,84640934911
-6522,51724067782
-6525,18698031152
-6527,85562958778
-6530,52318984147
-6533,18966240472
-6535,85504860697
-6538,51934977492
-6541,1825672326
-6543,84470230135
-6546,50575629979
-6549,16573054392
-6551,82462634702
-6554,48244501975
-6557,13918787009
-6559,7948562034
-6562,44945132237
-6565,1029745271
-6567,75542711502
-6570,40681038099
-6573,05712561724
-6575,7063741134
-6578,3545571565
-6581,001676031
-6583,64773201877
-6586,29272639912
-6588,93666044879
-6591,57953544194
-6594,22135265023
-6596,86211334272
-6599,50181878599
-6602,14047024404
-6604,77806897839
-6607,41461624801
-6610,05011330941
-6612,68456141654
-6615,3179618209
-6617,9503157715
-6620,58162451484
-6623,21188929498
-6625,84111135351
-6628,46929192953
-6631,09643225973
-6633,72253357833
-6636,34759711712
-6638,97162410544
-6641,59461577023
-6644,21657333601
-6646,83749802486
-6649,45739105649
-6652,07625364818
-6654,69408701484
-6657,31089236899
-6659,92667092077
-6662,54142387793
-6665,1551524459
-6667,76785782769
-6670,37954122401
-6672,9902038332
-6675,59984685125
-6678,20847147183
-6680,81607888629
-6683,42267028364
-6686,02824685059
-6688,63280977154
-6691,23636022858
-6693,83889940151
-6696,44042846783
-6699,04094860279
-6701,64046097932
-6704,2389667681
-6706,83646713754
-6709,43296325381
-6712,0284562808
-6714,62294738017
-6717,21643771133
-6719,80892843146
-6722,40042069552
-6724,99091565624
-6727,58041446413
-6730,16891826749
-6732,75642821242
-6735,34294544282
-6737,92847110041
-6740,51300632469
-6743,09655225302
-6745,67911002055
-6748,26068076028
-6750,84126560304
-6753,42086567752
-6755,99948211022
-6758,57711602553
-6761,15376854569
-6763,72944079078
-6766,3041338788
-6768,87784892558
-6771,45058704486
-6774,02234934825
-6776,59313694527
-6779,16295094333
-6781,73179244774
-6784,29966256174
-6786,86656238646
-6789,43249302096
-6791,99745556224
-6794,56145110522
-6797,12448074276
-6799,68654556566
-6802,24764666267
-6804,80778512049
-6807,3669620238
-6809,92517845521
-6812,48243549533
-6815,03873422273
-6817,59407571397
-6820,14846104359
-6822,70189128411
-6825,25436750607
-6827,805890778
-6830,35646216642
-6832,9060827359
-6835,45475354899
-6838,00247566629
-6840,54925014641
-6843,09507804599
-6845,63996041973
-6848,18389832035
-6850,72689279863
-6853,2689449034
-6855,81005568155
-6858,35022617803
-6860,88945743586
-6863,42775049613
-6865,96510639801
-6868,50152617875
-6871,0370108737
-6873,5715615163
-6876,10517913806
-6878,63786476864
-6881,16961943576
-6883,70044416529
-6886,23033998121
-6888,75930790559
-6891,28734895868
-6893,81446415881
-6896,34065452248
-6898,86592106432
-6901,39026479711
-6903,91368673178
-6906,43618787742
-6908,95776924125
-6911,47843182871
-6913,99817664336
-6916,51700468695
-6919,03491695943
-6921,5519144589
-6924,06799818167
-6926,58316912224
-6929,0974282733
-6931,61077662575
-6934,12321516869
-6936,63474488943
-6939,14536677351
-6941,65508180467
-6944,16389096489
-6946,67179523437
-6949,17879559154
-6951,68489301309
-6954,19008847393
-6956,69438294722
-6959,19777740438
-6961,70027281508
-6964,20187014726
-6966,70257036709
-6969,20237443906
-6971,7012833259
-6974,19929798862
-6976,69641938652
-6979,19264847718
-6981,68798621648
-6984,18243355858
-6986,67599145596
-6989,16866085937
-6991,66044271789
-6994,15133797892
-6996,64134758816
-6999,13047248963
-7001,61871362568
-7004,106071937
-7006,59254836257
-7009,07814383976
-7011,56285930425
-7014,04669569007
-7016,52965392959
-7019,01173495356
-7021,49293969106
-7023,97326906954
-7026,45272401483
-7028,93130545109
-7031,4090143009
-7033,88585148519
-7036,36181792328
-7038,83691453286
-7041,31114223004
-7043,78450192929
-7046,25699454349
-7048,72862098393
-7051,1993821603
-7053,66927898068
-7056,1383123516
-7058,60648317797
-7061,07379236315
-7063,54024080889
-7066,00582941541
-7068,47055908132
-7070,93443070371
-7073,39744517806
-7075,85960339833
-7078,32090625693
-7080,78135464468
-7083,24094945091
-7085,69969156336
-7088,15758186826
-7090,6146212503
-7093,07081059263
-7095,5261507769
-7097,9806426832
-7100,43428719013
-7102,88708517476
-7105,33903751265
-7107,79014507785
-7110,24040874293
-7112,68982937891
-7115,13840785536
-7117,58614504033
-7120,03304180039
-7122,47909900062
-7124,92431750461
-7127,36869817448
-7129,81224187087
-7132,25494945295
-7134,69682177842
-7137,13785970352
-7139,57806408302
-7142,01743577023
-7144,45597561701
-7146,89368447377
-7149,33056318947
-7151,76661261163
-7154,20183358631
-7156,63622695816
-7159,06979357038
-7161,50253426474
-7163,93444988158
-7166,36554125982
-7168,79580923696
-7171,22525464909
-7173,65387833087
-7176,08168111556
-7178,50866383501
-7180,93482731966
-7183,36017239856
-7185,78469989937
-7188,20841064832
-7190,63130547029
-7193,05338518875
-7195,47465062579
-7197,89510260213
-7200,31474193709
-7202,73356944863
-7205,15158595335
-7207,56879226645
-7209,9851892018
-7212,40077757189
-7214,81555818785
-7217,22953185945
-7219,64269939513
-7222,05506160197
-7224,46661928569
-7226,87737325069
-7229,28732430001
-7231,69647323537
-7234,10482085714
-7236,51236796438
-7238,91911535482
-7241,32506382484
-7243,73021416953
-7246,13456718264
-7248,53812365663
-7250,94088438262
-7253,34285015044
-7255,7440217486
-7258,14439996433
-7260,54398558354
-7262,94277939085
-7265,34078216959
-7267,73799470178
-7270,13441776819
-7272,53005214827
-7274,9248986202
-7277,31895796088
-7279,71223094595
-7282,10471834975
-7284,49642094536
-7286,88733950461
-7289,27747479805
-7291,66682759496
-7294,05539866338
-7296,44318877009
-7298,8301986806
-7301,2164291592
-7303,60188096891
-7305,98655487151
-7308,37045162754
-7310,75357199631
-7313,13591673588
-7315,51748660309
-7317,89828235355
-7320,27830474163
-7322,65755452048
-7325,03603244203
-7327,41373925701
-7329,79067571489
-7332,16684256398
-7334,54224055133
-7336,91687042282
-7339,2907329231
-7341,66382879563
-7344,03615878266
-7346,40772362526
-7348,7785240633
-7351,14856083544
-7353,51783467917
-7355,88634633079
-7358,25409652542
-7360,621085997
-7362,98731547827
-7365,35278570081
-7367,71749739505
-7370,0814512902
-7372,44464811435
-7374,8070885944
-7377,16877345609
-7379,529703424
-7381,88987922156
-7384,24930157103
-7386,60797119354
-7388,96588880905
-7391,32305513639
-7393,67947089323
-7396,03513679611
-7398,39005356043
-7400,74422190043
-7403,09764252925
-7405,45031615889
-7407,80224350019
-7410,15342526291
-7412,50386215566
-7414,85355488591
-7417,20250416006
-7419,55071068334
-7421,89817515991
-7424,24489829279
-7426,5908807839
-7428,93612333405
-7431,28062664296
-7433,62439140922
-7435,96741833034
-7438,30970810273
-7440,65126142171
-7442,9920789815
-7445,33216147522
-7447,67150959493
-7450,01012403158
-7452,34800547505
-7454,68515461414
-7457,02157213655
-7459,35725872894
-7461,69221507687
-7464,02644186484
-7466,35993977628
-7468,69270949354
-7471,02475169794
-7473,35606706969
-7475,68665628799
-7478,01652003096
-7480,34565897565
-7482,67407379808
-7485,00176517321
-7487,32873377496
-7489,65498027619
-7491,98050534874
-7494,30530966338
-7496,62939388987
-7498,95275869691
-7501,27540475217
-7503,59733272231
-7505,91854327292
-7508,23903706861
-7510,55881477291
-7512,87787704839
-7515,19622455654
-7517,51385795786
-7519,83077791184
-7522,14698507694
-7524,46248011062
-7526,77726366931
-7529,09133640846
-7531,40469898248
-7533,71735204482
-7536,02929624789
-7538,34053224312
-7540,65106068093
-7542,96088221076
-7545,26999748106
-7547,57840713927
-7549,88611183184
-7552,19311220426
-7554,49940890102
-7556,80500256562
-7559,10989384059
-7561,41408336749
-7563,71757178687
-7566,02035973835
-7568,32244786056
-7570,62383679114
-7572,92452716679
-7575,22451962323
-7577,52381479522
-7579,82241331657
-7582,12031582011
-7584,41752293773
-7586,71403530035
-7589,00985353794
-7591,30497827952
-7593,59941015317
-7595,89314978601
-7598,18619780423
-7600,47855483305
-7602,77022149677
-7605,06119841874
-7607,35148622139
-7609,64108552619
-7611,92999695369
-7614,21822112351
-7616,50575865433
-7618,79261016392
-7621,0787762691
-7623,36425758579
-7625,64905472897
-7627,93316831271
-7630,21659895016
-7632,49934725356
-7634,78141383422
-7637,06279930255
-7639,34350426805
-7641,62352933931
-7643,90287512399
-7646,1815422289
-7648,45953125989
-7650,73684282194
-7653,01347751912
-7655,28943595462
-7657,56471873071
-7659,83932644878
-7662,11325970933
-7664,38651911196
-7666,6591052554
-7668,93101873747
-7671,20226015512
-7673,47283010443
-7675,74272918057
-7678,01195797786
-7680,28051708972
-7682,5484071087
-7684,81562862649
-7687,0821822339
-7689,34806852087
-7691,61328807647
-7693,87784148891
-7696,14172934553
-7698,4049522328
-7700,66751073635
-7702,92940544093
-7705,19063693045
-7707,45120578795
-7709,71111259562
-7711,97035793481
-7714,22894238601
-7716,48686652886
-7718,74413094214
-7721,00073620382
-7723,256682891
-7725,51197157994
-7727,76660284607
-7730,02057726398
-7732,2738954074
-7734,52655784927
-7736,77856516167
-7739,02991791583
-7741,28061668219
-7743,53066203034
-7745,78005452905
-7748,02879474625
-7750,27688324906
-7752,5243206038
-7754,77110737592
-7757,0172441301
-7759,26273143017
-7761,50756983917
-7763,75175991931
-7765,995302232
-7768,23819733783
-7770,48044579658
-7772,72204816725
-7774,963005008
-7777,20331687621
-7779,44298432845
-7781,68200792048
-7783,92038820729
-7786,15812574304
-7788,39522108111
-7790,6316747741
-7792,8674873738
-7795,10265943121
-7797,33719149655
-7799,57108411924
-7801,80433784793
-7804,03695323047
-7806,26893081395
-7808,50027114465
-7810,73097476809
-7812,96104222902
-7815,19047407138
-7817,41927083837
-7819,64743307241
-7821,87496131512
-7824,10185610738
-7826,32811798931
-7828,55374750022
-7830,7787451787
-7833,00311156254
-7835,22684718879
-7837,44995259374
-7839,67242831291
-7841,89427488106
-7844,11549283219
-7846,33608269958
-7848,5560450157
-7850,77538031232
-7852,99408912043
-7855,21217197028
-7857,42962939137
-7859,64646191245
-7861,86267006154
-7864,07825436589
-7866,29321535205
-7868,50755354579
-7870,72126947215
-7872,93436365545
-7875,14683661927
-7877,35868888643
-7879,56992097905
-7881,7805334185
-7883,99052672542
-7886,19990141973
-7888,40865802062
-7890,61679704654
-7892,82431901525
-7895,03122444374
-7897,23751384833
-7899,44318774457
-7901,64824664732
-7903,85269107073
-7906,0565215282
-7908,25973853246
-7910,46234259549
-7912,66433422856
-7914,86571394226
-7917,06648224645
-7919,26663965028
-7921,4661866622
-7923,66512378995
-7925,86345154057
-7928,06117042039
-7930,25828093507
-7932,45478358952
-7934,650678888
-7936,84596733405
-7939,0406494305
-7941,23472567952
-7943,42819658257
-7945,6210626404
-7947,81332435311
-7950,00498222008
-7952,19603674002
-7954,38648841094
-7956,57633773017
-7958,76558519437
-7960,95423129949
-7963,14227654082
-7965,32972141298
-7967,51656640988
-7969,70281202479
-7971,88845875026
-7974,07350707821
-7976,25795749986
-7978,44181050578
-7980,62506658583
-7982,80772622925
-7984,98978992458
-7987,17125815971
-7989,35213142184
-7991,53241019754
-7993,71209497268
-7995,89118623251
-7998,06968446159
-8000,24759014383
-8002,42490376248
-8004,60162580014
-8006,77775673874
-8008,95329705957
-8011,12824724326
-8013,3026077698
-8015,47637911852
-8017,6495617681
-8019,82215619657
-8021,99416288132
-8024,16558229909
-8026,33641492598
-8028,50666123745
-8030,67632170832
-8032,84539681274
-8035,01388702426
-8037,18179281577
-8039,34911465954
-8041,51585302717
-8043,68200838967
-8045,84758121739
-8048,01257198005
-8050,17698114674
-8052,34080918592
-8054,50405656544
-8056,66672375248
-8058,82881121365
-8060,99031941488
-8063,15124882152
-8065,31159989827
-8067,47137310921
-8069,63056891782
-8071,78918778695
-8073,94723017881
-8076,10469655503
-8078,2615873766
-8080,41790310391
-8082,57364419671
-8084,72881111418
-8086,88340431486
-8089,03742425667
166737111
-4234,51921352073
-4235,64646014946
-4236,77340749587
-4237,90005579821
-4239,02640529442
-4240,15245622211
-4241,27820881858
-4242,40366332084
-4243,52881996555
-4244,65367898909
-4245,77824062749
-4246,9025051165
-4248,02647269155
-4249,15014358775
-4250,27351803992
-4251,39659628255
-4252,51937854982
-4253,64186507563
-4254,76405609353
-4255,8859518368
-4257,0075525384
-4258,12885843098
-4259,24986974687
-4260,37058671813
-4261,4910095765
-4262,6111385534
-4263,73097387996
-4264,85051578702
-4265,96976450509
-4267,08872026441
-4268,20738329488
-4269,32575382614
-4270,4438320875
-4271,56161830799
-4272,67911271633
-4273,79631554094
-4274,91322700995
-4276,02984735119
-4277,14617679219
-4278,26221556019
-4279,37796388212
-4280,49342198465
-4281,6085900941
-4282,72346843655
-4283,83805723775
-4284,95235672318
-4286,06636711801
-4287,18008864713
-4288,29352153513
-4289,40666600632
-4290,51952228471
-4291,63209059402
-4292,74437115769
-4293,85636419886
-4294,96806994039
-4296,07948860484
-4297,19062041451
-4298,30146559138
-4299,41202435716
-4300,52229693329
-4301,63228354088
-4302,74198440081
-4303,85139973364
-4304,96052975965
-4306,06937469885
-4307,17793477096
-4308,28621019541
-4309,39420119136
-4310,50190797769
-4311,609330773
-4312,71646979559
-4313,8233252635
-4314,92989739449
-4316,03618640604
-4317,14219251534
-4318,24791593932
-4319,35335689463
-4320,45851559762
-4321,56339226439
-4322,66798711077
-4323,77230035228
-4324,8763322042
-4325,98008288152
-4327,08355259897
-4328,18674157097
-4329,28965001172
-4330,3922781351
-4331,49462615475
-4332,59669428403
-4333,69848273603
-4334,79999172355
-4335,90122145916
-4337,00217215512
-4338,10284402346
-4339,20323727589
-4340,30335212392
-4341,40318877872
-4342,50274745126
-4343,60202835219
-4344,70103169193
-4345,79975768061
-4346,89820652812
-4347,99637844406
-4349,09427363778
-4350,19189231836
-4351,28923469463
-4352,38630097514
-4353,48309136819
-4354,57960608182
-4355,67584532379
-4356,77180930161
-4357,86749822254
-4358,96291229357
-4360,05805172144
-4361,1529167126
-4362,24750747329
-4363,34182420945
-4364,43586712678
-4365,52963643072
-4366,62313232646
-4367,71635501893
-4368,8093047128
-4369,90198161248
-4370,99438592214
-4372,08651784569
-4373,17837758677
-4374,26996534879
-4375,36128133489
-4376,45232574797
-4377,54309879066
-4378,63360066537
-4379,72383157422
-4380,81379171911
-4381,90348130166
-4382,99290052327
-4384,08204958507
-4385,17092868795
-4386,25953803254
-4387,34787781925
-4388,4359482482
-4389,5237495193
-4390,61128183219
-4391,69854538627
-4392,7855403807
-4393,87226701438
-4394,95872548598
-4396,04491599392
-4397,13083873636
-4398,21649391125
-4399,30188171626
-4400,38700234884
-4401,47185600618
-4402,55644288525
-4403,64076318276
-4404,72481709518
-4405,80860481875
-4406,89212654945
-4407,97538248304
-4409,05837281502
-4410,14109774068
-4411,22355745503
-4412,30575215288
-4413,38768202879
-4414,46934727705
-4415,55074809177
-4416,63188466678
-4417,71275719568
-4418,79336587184
-4419,87371088841
-4420,95379243827
-4422,03361071409
-4423,1131659083
-4424,1924582131
-4425,27148782043
-4426,35025492204
-4427,42875970941
-4428,5070023738
-4429,58498310624
-4430,66270209754
-4431,74015953825
-4432,8173556187
-4433,89429052901
-4434,97096445904
-4436,04737759844
-4437,12353013662
-4438,19942226277
-4439,27505416583
-4440,35042603455
-4441,42553805741
-4442,50039042269
-4443,57498331843
-4444,64931693244
-4445,72339145233
-4446,79720706546
-4447,87076395896
-4448,94406231974
-4450,01710233451
-4451,08988418971
-4452,16240807159
-4453,23467416617
-4454,30668265924
-4455,37843373637
-4456,4499275829
-4457,52116438397
-4458,59214432446
-4459,66286758907
-4460,73333436226
-4461,80354482826
-4462,87349917109
-4463,94319757455
-4465,01264022222
-4466,08182729746
-4467,1507589834
-4468,21943546298
-4469,28785691889
-4470,35602353362
-4471,42393548944
-4472,4915929684
-4473,55899615233
-4474,62614522286
-4475,69304036137
-4476,75968174907
-4477,82606956691
-4478,89220399566
-4479,95808521585
-4481,02371340782
-4482,08908875167
-4483,1542114273
-4484,2190816144
-4485,28369949245
-4486,3480652407
-4487,4121790382
-4488,47604106379
-4489,53965149609
-4490,60301051352
-4491,66611829428
-4492,72897501636
-4493,79158085754
-4494,85393599541
-4495,91604060731
-4496,97789487042
-4498,03949896166
-4499,10085305779
-4500,16195733532
-4501,22281197059
-4502,2834171397
-4503,34377301856
-4504,40387978288
-4505,46373760814
-4506,52334666965
-4507,58270714247
-4508,64181920149
-4509,70068302138
-4510,75929877661
-4511,81766664145
-4512,87578678994
-4513,93365939596
-4514,99128463315
-4516,04866267496
-4517,10579369464
-4518,16267786524
-4519,21931535959
-4520,27570635035
-4521,33185100995
-4522,38774951062
-4523,44340202442
-4524,49880872318
-4525,55396977853
-4526,60888536192
-4527,66355564458
-4528,71798079756
-4529,7721609917
-4530,82609639764
-4531,87978718582
-4532,9332335265
-4533,98643558973
-4535,03939354535
-4536,09210756303
-4537,14457781223
-4538,19680446221
-4539,24878768203
-4540,30052764057
-4541,35202450652
-4542,40327844834
-4543,45428963434
-4544,50505823259
-4545,55558441102
-4546,60586833731
-4547,65591017899
-4548,70571010337
-4549,75526827758
-4550,80458486856
-4551,85366004305
-4552,90249396761
-4553,95108680858
-4554,99943873215
-4556,04754990429
-4557,09542049078
-4558,14305065723
-4559,19044056904
-4560,23759039144
-4561,28450028944
-4562,33117042789
-4563,37760097145
-4564,42379208457
-4565,46974393152
-4566,5154566764
-4567,56093048311
-4568,60616551536
-4569,65116193666
-4570,69591991037
-4571,74043959964
-4572,78472116742
-4573,82876477651
-4574,87257058949
-4575,91613876879
-4576,95946947662
-4578,00256287502
-4579,04541912586
-4580,0880383908
-4581,13042083134
-4582,17256660878
-4583,21447588424
-4584,25614881867
-4585,29758557282
-4586,33878630728
-4587,37975118242
-4588,42048035847
-4589,46097399546
-4590,50123225324
-4591,54125529147
-4592,58104326965
-4593,62059634708
-4594,65991468289
-4595,69899843604
-4596,73784776528
-4597,77646282922
-4598,81484378627
-4599,85299079466
-4600,89090401244
-4601,92858359749
-4602,96602970752
-4604,00324250004
-4605,0402221324
-4606,07696876178
-4607,11348254515
-4608,14976363935
-4609,185812201
-4610,22162838658
-4611,25721235238
-4612,2925642545
-4613,32768424889
-4614,36257249131
-4615,39722913735
-4616,43165434243
-4617,46584826179
-4618,4998110505
-4619,53354286346
-4620,56704385539
-4621,60031418084
-4622,63335399419
-4623,66616344964
-4624,69874270123
-4625,73109190282
-4626,76321120811
-4627,7951007706
-4628,82676074366
-4629,85819128045
-4630,889392534
-4631,92036465713
-4632,95110780252
-4633,98162212266
-4635,01190776989
-4636,04196489637
-4637,07179365408
-4638,10139419486
-4639,13076667036
-4640,15991123206
-4641,18882803129
-4642,21751721921
-4643,24597894679
-4644,27421336486
-4645,30222062406
-4646,33000087489
-4647,35755426767
-4648,38488095254
-4649,41198107951
-4650,43885479838
-4651,46550225883
-4652,49192361033
-4653,51811900223
-4654,54408858369
-4655,5698325037
-4656,59535091111
-4657,62064395459
-4658,64571178264
-4659,67055454362
-4660,69517238571
-4661,71956545693
-4662,74373390514
-4663,76767787803
-4664,79139752315
-4665,81489298787
-4666,8381644194
-4667,86121196478
-4668,88403577092
-4669,90663598454
-4670,92901275222
-4671,95116622036
-4672,97309653521
-4673,99480384286
-4675,01628828925
-4676,03755002014
-4677,05858918116
-4678,07940591775
-4679,10000037521
-4680,12037269868
-4681,14052303313
-4682,1604515234
-4683,18015831415
-4684,19964354989
-4685,21890737496
-4686,23794993356
-4687,25677136973
-4688,27537182735
-4689,29375145015
-4690,3119103817
-4691,32984876541
-4692,34756674454
-4693,3650644622
-4694,38234206133
-4695,39939968473
-4696,41623747505
-4697,43285557476
-4698,4492541262
-4699,46543327156
-4700,48139315285
-4701,49713391194
-4702,51265569057
-4703,52795863029
-4704,54304287251
-4705,55790855852
-4706,5725558294
-4707,58698482612
-4708,60119568949
-4709,61518856016
-4710,62896357864
-4711,64252088528
-4712,65586062029
-4713,66898292371
-4714,68188793545
-4715,69457579526
-4716,70704664275
-4717,71930061736
-4718,73133785841
-4719,74315850504
-4720,75476269626
-4721,76615057093
-4722,77732226776
-4723,78827792531
-4724,79901768199
-4725,80954167607
-4726,81985004566
-4727,82994292874
-4728,83982046312
-4729,84948278649
-4730,85893003637
-4731,86816235015
-4732,87717986506
-4733,8859827182
-4734,89457104651
-4735,90294498679
-4736,91110467569
-4737,91905024973
-4738,92678184527
-4739,93429959852
-4740,94160364557
-4741,94869412235
-4742,95557116463
-4743,96223490807
-4744,96868548817
-4745,97492304027
-4746,9809476996
-4747,98675960123
-4748,99235888007
-4749,99774567092
-4751,00292010841
-4752,00788232706
-4753,01263246121
-4754,01717064508
-4755,02149701276
-4756,02561169816
-4757,02951483509
-4758,03320655719
-4759,03668699798
-4760,03995629083
-4761,04301456897
-4762,04586196548
-4763,04849861333
-4764,05092464531
-4765,05314019411
-4766,05514539225
-4767,05694037212
-4768,05852526599
-4769,05990020596
-4770,06106532402
-4771,062020752
-4772,06276662161
-4773,0633030644
-4774,06363021181
-4775,06374819512
-4776,06365714548
-4777,06335719391
-4778,06284847129
-4779,06213110834
-4780,06120523569
-4781,0600709838
-4782,05872848299
-4783,05717786347
-4784,0554192553
-4785,05345278839
-4786,05127859255
-4787,04889679743
-4788,04630753254
-4789,04351092727
-4790,04050711088
-4791,03729621248
-4792,03387836106
-4793,03025368545
-4794,02642231438
-4795,02238437644
-4796,01814000006
-4797,01368931356
-4798,00903244514
-4799,00416952283
-4799,99910067455
-4800,9938260281
-4801,98834571111
-4802,98265985112
-4803,97676857552
-4804,97067201156
-4805,96437028637
-4806,95786352694
-4807,95115186013
-4808,9442354127
-4809,93711431122
-4810,92978868219
-4811,92225865194
-4812,91452434668
-4813,9065858925
-4814,89844341534
-4815,89009704104
-4816,88154689529
-4817,87279310365
-4818,86383579156
-4819,85467508433
-4820,84531110713
-4821,83574398502
-4822,82597384291
-4823,81600080561
-4824,80582499778
-4825,79544654397
-4826,78486556857
-4827,77408219588
-4828,76309655005
-4829,75190875512
-4830,74051893498
-4831,72892721342
-4832,71713371409
-4833,7051385605
-4834,69294187607
-4835,68054378406
-4836,66794440762
-4837,65514386977
-4838,64214229342
-4839,62893980132
-4840,61553651613
-4841,60193256037
-4842,58812805643
-4843,5741231266
-4844,55991789301
-4845,5455124777
-4846,53090700256
-4847,51610158938
-4848,5010963598
-4849,48589143536
-4850,47048693746
-4851,45488298738
-4852,4390797063
-4853,42307721525
-4854,40687563514
-4855,39047508677
-4856,37387569082
-4857,35707756782
-4858,34008083822
-4859,32288562231
-4860,30549204029
-4861,28790021221
-4862,27011025802
-4863,25212229755
-4864,23393645049
-4865,21555283642
-4866,19697157481
-4867,178192785
-4868,1592165862
-4869,14004309752
-4870,12067243794
-4871,10110472632
-4872,08134008139
-4873,06137862179
-4874,04122046602
-4875,02086573246
-4876,00031453937
-4876,97956700492
-4877,95862324711
-4878,93748338387
-4879,91614753299
-4880,89461581214
-4881,87288833888
-4882,85096523065
-4883,82884660478
-4884,80653257846
-4885,78402326878
-4886,76131879273
-4887,73841926714
-4888,71532480876
-4889,69203553422
-4890,66855156001
-4891,64487300252
-4892,62099997803
-4893,5969326027
-4894,57267099256
-4895,54821526355
-4896,52356553148
-4897,49872191203
-4898,4736845208
-4899,44845347325
-4900,42302888473
-4901,39741087047
-4902,37159954561
-4903,34559502514
-4904,31939742397
-4905,29300685688
-4906,26642343853
-4907,23964728348
-4908,21267850616
-4909,18551722091
-4910,15816354193
-4911,13061758334
-4912,10287945911
-4913,07494928313
-4914,04682716915
-4915,01851323084
-4915,99000758172
-4916,96131033522
-4917,93242160467
-4918,90334150326
-4919,87407014409
-4920,84460764014
-4921,81495410427
-4922,78510964925
-4923,75507438772
-4924,72484843222
-4925,69443189518
-4926,66382488891
-4927,63302752563
-4928,60203991741
-4929,57086217626
-4930,53949441404
-4931,50793674252
-4932,47618927336
-4933,44425211811
-4934,4121253882
767
-17245,0690179342
-17248,4465396049
-17251,8234003771
-17255,1996006387
-17258,5751407769
-17261,950021179
-17265,3242422316
-17268,6978043209
-17272,0707078329
-17275,4429531531
-17278,8145406668
-17282,1854707587
-17285,5557438132
-17288,9253602144
-17292,2943203459
-17295,662624591
-17299,0302733328
-17302,3972669536
-17305,7636058358
-17309,129290361
-17312,4943209108
-17315,8586978662
-17319,222421608
-17322,5854925163
-17325,9479109713
-17329,3096773524
-17332,670792039
-17336,0312554098
-17339,3910678434
-17342,7502297179
-17346,108741411
-17349,4666033001
-17352,8238157623
-17356,1803791742
-17359,5362939121
-17362,891560352
-17366,2461788693
-17369,6001498394
-17372,9534736371
-17376,3061506368
-17379,6581812127
-17383,0095657385
-17386,3603045877
-17389,7103981333
-17393,059846748
-17396,408650804
-17399,7568106734
-17403,1043267278
-17406,4511993385
-17409,7974288762
-17413,1430157116
-17416,4879602149
-17419,8322627559
-17423,175923704
-17426,5189434284
-17429,8613222979
-17433,2030606808
-17436,5441589452
-17439,8846174589
-17443,2244365892
-17446,563616703
-17449,9021581671
-17453,2400613477
-17456,5773266108
-17459,913954322
-17463,2499448466
-17466,5852985495
-17469,9200157951
-17473,2540969478
-17476,5875423714
-17479,9203524294
-17483,252527485
-17486,584067901
